a,134,0,-1.0
a,189,0,-1.0
a,237,0,-1.0
a,410,0,-1.0
a,445,0,-1.0
a,530,0,-1.0
a,547,0,-1.0
a,564,0,-1.0
a,590,0,-1.0
a,133,1,-1.0
a,188,1,-1.0
a,327,1,-1.0
a,444,1,-1.0
a,509,1,-1.0
a,529,1,-1.0
a,546,1,-1.0
a,563,1,-1.0
a,599,1,-1.0
a,132,2,-1.0
a,236,2,-1.0
a,326,2,-1.0
a,409,2,-1.0
a,508,2,-1.0
a,545,2,-1.0
a,562,2,-1.0
a,589,2,-1.0
a,598,2,-1.0
a,131,3,-1.0
a,187,3,-1.0
a,369,3,-1.0
a,408,3,-1.0
a,480,3,-1.0
a,528,3,-1.0
a,544,3,-1.0
a,581,3,-1.0
a,588,3,-1.0
a,130,4,-1.0
a,186,4,-1.0
a,279,4,-1.0
a,479,4,-1.0
a,507,4,-1.0
a,527,4,-1.0
a,543,4,-1.0
a,580,4,-1.0
a,597,4,-1.0
a,129,5,-1.0
a,278,5,-1.0
a,368,5,-1.0
a,407,5,-1.0
a,506,5,-1.0
a,542,5,-1.0
a,579,5,-1.0
a,587,5,-1.0
a,596,5,-1.0
a,128,6,-1.0
a,235,6,-1.0
a,367,6,-1.0
a,443,6,-1.0
a,478,6,-1.0
a,526,6,-1.0
a,561,6,-1.0
a,578,6,-1.0
a,586,6,-1.0
a,127,7,-1.0
a,277,7,-1.0
a,325,7,-1.0
a,442,7,-1.0
a,477,7,-1.0
a,525,7,-1.0
a,560,7,-1.0
a,577,7,-1.0
a,595,7,-1.0
a,126,8,-1.0
a,234,8,-1.0
a,276,8,-1.0
a,324,8,-1.0
a,366,8,-1.0
a,559,8,-1.0
a,576,8,-1.0
a,585,8,-1.0
a,594,8,-1.0
a,185,9,-1.0
a,233,9,-1.0
a,365,9,-1.0
a,406,9,-1.0
a,441,9,-1.0
a,476,9,-1.0
a,541,9,-1.0
a,558,9,-1.0
a,575,9,-1.0
a,184,10,-1.0
a,275,10,-1.0
a,323,10,-1.0
a,440,10,-1.0
a,475,10,-1.0
a,505,10,-1.0
a,540,10,-1.0
a,557,10,-1.0
a,574,10,-1.0
a,232,11,-1.0
a,274,11,-1.0
a,322,11,-1.0
a,364,11,-1.0
a,405,11,-1.0
a,504,11,-1.0
a,539,11,-1.0
a,556,11,-1.0
a,573,11,-1.0
a,183,12,-1.0
a,231,12,-1.0
a,321,12,-1.0
a,404,12,-1.0
a,439,12,-1.0
a,503,12,-1.0
a,524,12,-1.0
a,584,12,-1.0
a,593,12,-1.0
a,182,13,-1.0
a,273,13,-1.0
a,363,13,-1.0
a,403,13,-1.0
a,474,13,-1.0
a,502,13,-1.0
a,523,13,-1.0
a,583,13,-1.0
a,592,13,-1.0
a,230,14,-1.0
a,272,14,-1.0
a,320,14,-1.0
a,362,14,-1.0
a,438,14,-1.0
a,473,14,-1.0
a,522,14,-1.0
a,582,14,-1.0
a,591,14,-1.0
a,181,15,-1.0
a,229,15,-1.0
a,271,15,-1.0
a,319,15,-1.0
a,361,15,-1.0
a,402,15,-1.0
a,437,15,-1.0
a,472,15,-1.0
a,501,15,-1.0
a,180,16,-1.0
a,436,16,-1.0
a,471,16,-1.0
a,538,16,-1.0
a,555,16,-1.0
a,572,16,-1.0
a,595,16,1.0
a,597,16,1.0
a,599,16,1.0
a,228,17,-1.0
a,360,17,-1.0
a,401,17,-1.0
a,537,17,-1.0
a,554,17,-1.0
a,571,17,-1.0
a,594,17,1.0
a,596,17,1.0
a,598,17,1.0
a,179,18,-1.0
a,227,18,-1.0
a,400,18,-1.0
a,435,18,-1.0
a,536,18,-1.0
a,553,18,-1.0
a,593,18,1.0
a,598,18,-1.0
a,599,18,-1.0
a,178,19,-1.0
a,359,19,-1.0
a,399,19,-1.0
a,470,19,-1.0
a,535,19,-1.0
a,570,19,-1.0
a,592,19,1.0
a,596,19,-1.0
a,597,19,-1.0
a,226,20,-1.0
a,358,20,-1.0
a,434,20,-1.0
a,469,20,-1.0
a,552,20,-1.0
a,569,20,-1.0
a,591,20,1.0
a,594,20,-1.0
a,595,20,-1.0
a,177,21,-1.0
a,225,21,-1.0
a,357,21,-1.0
a,398,21,-1.0
a,433,21,-1.0
a,468,21,-1.0
a,591,21,-1.0
a,592,21,-1.0
a,593,21,-1.0
a,176,22,-1.0
a,432,22,-1.0
a,467,22,-1.0
a,534,22,-1.0
a,551,22,-1.0
a,568,22,-1.0
a,586,22,1.0
a,588,22,1.0
a,590,22,1.0
a,270,23,-1.0
a,318,23,-1.0
a,500,23,-1.0
a,533,23,-1.0
a,550,23,-1.0
a,567,23,-1.0
a,585,23,1.0
a,587,23,1.0
a,589,23,1.0
a,175,24,-1.0
a,317,24,-1.0
a,431,24,-1.0
a,499,24,-1.0
a,532,24,-1.0
a,549,24,-1.0
a,584,24,1.0
a,589,24,-1.0
a,590,24,-1.0
a,174,25,-1.0
a,269,25,-1.0
a,466,25,-1.0
a,498,25,-1.0
a,531,25,-1.0
a,566,25,-1.0
a,583,25,1.0
a,587,25,-1.0
a,588,25,-1.0
a,268,26,-1.0
a,316,26,-1.0
a,430,26,-1.0
a,465,26,-1.0
a,548,26,-1.0
a,565,26,-1.0
a,582,26,1.0
a,585,26,-1.0
a,586,26,-1.0
a,173,27,-1.0
a,267,27,-1.0
a,315,27,-1.0
a,429,27,-1.0
a,464,27,-1.0
a,497,27,-1.0
a,582,27,-1.0
a,583,27,-1.0
a,584,27,-1.0
a,172,28,-1.0
a,224,28,-1.0
a,397,28,-1.0
a,428,28,-1.0
a,521,28,-1.0
a,568,28,1.0
a,575,28,1.0
a,578,28,1.0
a,581,28,1.0
a,171,29,-1.0
a,314,29,-1.0
a,427,29,-1.0
a,496,29,-1.0
a,520,29,-1.0
a,572,29,1.0
a,574,29,1.0
a,577,29,1.0
a,580,29,1.0
a,223,30,-1.0
a,313,30,-1.0
a,396,30,-1.0
a,495,30,-1.0
a,567,30,1.0
a,571,30,1.0
a,573,30,1.0
a,576,30,1.0
a,579,30,1.0
a,170,31,-1.0
a,395,31,-1.0
a,494,31,-1.0
a,519,31,-1.0
a,566,31,1.0
a,570,31,1.0
a,579,31,-1.0
a,580,31,-1.0
a,581,31,-1.0
a,222,32,-1.0
a,312,32,-1.0
a,426,32,-1.0
a,518,32,-1.0
a,565,32,1.0
a,569,32,1.0
a,576,32,-1.0
a,577,32,-1.0
a,578,32,-1.0
a,169,33,-1.0
a,221,33,-1.0
a,311,33,-1.0
a,394,33,-1.0
a,425,33,-1.0
a,493,33,-1.0
a,573,33,-1.0
a,574,33,-1.0
a,575,33,-1.0
a,71,34,-1.0
a,168,34,-1.0
a,220,34,-1.0
a,393,34,-1.0
a,424,34,-1.0
a,569,34,-1.0
a,570,34,-1.0
a,571,34,-1.0
a,572,34,-1.0
a,70,35,-1.0
a,167,35,-1.0
a,310,35,-1.0
a,423,35,-1.0
a,492,35,-1.0
a,565,35,-1.0
a,566,35,-1.0
a,567,35,-1.0
a,568,35,-1.0
a,166,36,-1.0
a,356,36,-1.0
a,392,36,-1.0
a,463,36,-1.0
a,517,36,-1.0
a,551,36,1.0
a,558,36,1.0
a,561,36,1.0
a,564,36,1.0
a,165,37,-1.0
a,266,37,-1.0
a,462,37,-1.0
a,491,37,-1.0
a,516,37,-1.0
a,555,37,1.0
a,557,37,1.0
a,560,37,1.0
a,563,37,1.0
a,265,38,-1.0
a,355,38,-1.0
a,391,38,-1.0
a,490,38,-1.0
a,550,38,1.0
a,554,38,1.0
a,556,38,1.0
a,559,38,1.0
a,562,38,1.0
a,164,39,-1.0
a,390,39,-1.0
a,489,39,-1.0
a,515,39,-1.0
a,549,39,1.0
a,553,39,1.0
a,562,39,-1.0
a,563,39,-1.0
a,564,39,-1.0
a,264,40,-1.0
a,354,40,-1.0
a,461,40,-1.0
a,514,40,-1.0
a,548,40,1.0
a,552,40,1.0
a,559,40,-1.0
a,560,40,-1.0
a,561,40,-1.0
a,163,41,-1.0
a,263,41,-1.0
a,353,41,-1.0
a,389,41,-1.0
a,460,41,-1.0
a,488,41,-1.0
a,556,41,-1.0
a,557,41,-1.0
a,558,41,-1.0
a,69,42,-1.0
a,162,42,-1.0
a,352,42,-1.0
a,388,42,-1.0
a,459,42,-1.0
a,552,42,-1.0
a,553,42,-1.0
a,554,42,-1.0
a,555,42,-1.0
a,68,43,-1.0
a,161,43,-1.0
a,262,43,-1.0
a,458,43,-1.0
a,487,43,-1.0
a,548,43,-1.0
a,549,43,-1.0
a,550,43,-1.0
a,551,43,-1.0
a,219,44,-1.0
a,351,44,-1.0
a,422,44,-1.0
a,457,44,-1.0
a,513,44,-1.0
a,534,44,1.0
a,541,44,1.0
a,544,44,1.0
a,547,44,1.0
a,261,45,-1.0
a,309,45,-1.0
a,421,45,-1.0
a,456,45,-1.0
a,512,45,-1.0
a,538,45,1.0
a,540,45,1.0
a,543,45,1.0
a,546,45,1.0
a,218,46,-1.0
a,260,46,-1.0
a,308,46,-1.0
a,350,46,-1.0
a,533,46,1.0
a,537,46,1.0
a,539,46,1.0
a,542,46,1.0
a,545,46,1.0
a,217,47,-1.0
a,307,47,-1.0
a,420,47,-1.0
a,511,47,-1.0
a,532,47,1.0
a,536,47,1.0
a,545,47,-1.0
a,546,47,-1.0
a,547,47,-1.0
a,259,48,-1.0
a,349,48,-1.0
a,455,48,-1.0
a,510,48,-1.0
a,531,48,1.0
a,535,48,1.0
a,542,48,-1.0
a,543,48,-1.0
a,544,48,-1.0
a,216,49,-1.0
a,258,49,-1.0
a,306,49,-1.0
a,348,49,-1.0
a,419,49,-1.0
a,454,49,-1.0
a,539,49,-1.0
a,540,49,-1.0
a,541,49,-1.0
a,67,50,-1.0
a,215,50,-1.0
a,347,50,-1.0
a,418,50,-1.0
a,453,50,-1.0
a,535,50,-1.0
a,536,50,-1.0
a,537,50,-1.0
a,538,50,-1.0
a,66,51,-1.0
a,257,51,-1.0
a,305,51,-1.0
a,417,51,-1.0
a,452,51,-1.0
a,531,51,-1.0
a,532,51,-1.0
a,533,51,-1.0
a,534,51,-1.0
a,214,52,-1.0
a,346,52,-1.0
a,387,52,-1.0
a,513,52,1.0
a,517,52,1.0
a,521,52,1.0
a,526,52,1.0
a,528,52,1.0
a,530,52,1.0
a,256,53,-1.0
a,304,53,-1.0
a,486,53,-1.0
a,512,53,1.0
a,516,53,1.0
a,520,53,1.0
a,525,53,1.0
a,527,53,1.0
a,529,53,1.0
a,213,54,-1.0
a,303,54,-1.0
a,386,54,-1.0
a,485,54,-1.0
a,511,54,1.0
a,515,54,1.0
a,524,54,1.0
a,529,54,-1.0
a,530,54,-1.0
a,255,55,-1.0
a,345,55,-1.0
a,385,55,-1.0
a,484,55,-1.0
a,510,55,1.0
a,519,55,1.0
a,523,55,1.0
a,527,55,-1.0
a,528,55,-1.0
a,212,56,-1.0
a,254,56,-1.0
a,302,56,-1.0
a,344,56,-1.0
a,514,56,1.0
a,518,56,1.0
a,522,56,1.0
a,525,56,-1.0
a,526,56,-1.0
a,211,57,-1.0
a,253,57,-1.0
a,301,57,-1.0
a,343,57,-1.0
a,384,57,-1.0
a,483,57,-1.0
a,522,57,-1.0
a,523,57,-1.0
a,524,57,-1.0
a,65,58,-1.0
a,210,58,-1.0
a,300,58,-1.0
a,383,58,-1.0
a,482,58,-1.0
a,518,58,-1.0
a,519,58,-1.0
a,520,58,-1.0
a,521,58,-1.0
a,64,59,-1.0
a,252,59,-1.0
a,342,59,-1.0
a,382,59,-1.0
a,481,59,-1.0
a,514,59,-1.0
a,515,59,-1.0
a,516,59,-1.0
a,517,59,-1.0
a,63,60,-1.0
a,209,60,-1.0
a,251,60,-1.0
a,299,60,-1.0
a,341,60,-1.0
a,510,60,-1.0
a,511,60,-1.0
a,512,60,-1.0
a,513,60,-1.0
a,125,61,-1.0
a,416,61,-1.0
a,451,61,-1.0
a,486,61,1.0
a,491,61,1.0
a,496,61,1.0
a,505,61,1.0
a,507,61,1.0
a,509,61,1.0
a,124,62,-1.0
a,208,62,-1.0
a,340,62,-1.0
a,490,62,1.0
a,495,62,1.0
a,500,62,1.0
a,504,62,1.0
a,506,62,1.0
a,508,62,1.0
a,123,63,-1.0
a,207,63,-1.0
a,415,63,-1.0
a,485,63,1.0
a,489,63,1.0
a,499,63,1.0
a,503,63,1.0
a,508,63,-1.0
a,509,63,-1.0
a,122,64,-1.0
a,339,64,-1.0
a,450,64,-1.0
a,484,64,1.0
a,494,64,1.0
a,498,64,1.0
a,502,64,1.0
a,506,64,-1.0
a,507,64,-1.0
a,206,65,-1.0
a,338,65,-1.0
a,414,65,-1.0
a,449,65,-1.0
a,488,65,1.0
a,493,65,1.0
a,501,65,1.0
a,504,65,-1.0
a,505,65,-1.0
a,205,66,-1.0
a,337,66,-1.0
a,413,66,-1.0
a,448,66,-1.0
a,483,66,1.0
a,497,66,1.0
a,501,66,-1.0
a,502,66,-1.0
a,503,66,-1.0
a,62,67,-1.0
a,412,67,-1.0
a,447,67,-1.0
a,487,67,1.0
a,492,67,1.0
a,497,67,-1.0
a,498,67,-1.0
a,499,67,-1.0
a,500,67,-1.0
a,61,68,-1.0
a,204,68,-1.0
a,411,68,-1.0
a,482,68,1.0
a,492,68,-1.0
a,493,68,-1.0
a,494,68,-1.0
a,495,68,-1.0
a,496,68,-1.0
a,60,69,-1.0
a,336,69,-1.0
a,446,69,-1.0
a,481,69,1.0
a,487,69,-1.0
a,488,69,-1.0
a,489,69,-1.0
a,490,69,-1.0
a,491,69,-1.0
a,59,70,-1.0
a,203,70,-1.0
a,335,70,-1.0
a,481,70,-1.0
a,482,70,-1.0
a,483,70,-1.0
a,484,70,-1.0
a,485,70,-1.0
a,486,70,-1.0
a,121,71,-1.0
a,202,71,-1.0
a,381,71,-1.0
a,457,71,1.0
a,463,71,1.0
a,467,71,1.0
a,476,71,1.0
a,478,71,1.0
a,480,71,1.0
a,120,72,-1.0
a,298,72,-1.0
a,451,72,1.0
a,456,72,1.0
a,462,72,1.0
a,471,72,1.0
a,475,72,1.0
a,477,72,1.0
a,479,72,1.0
a,119,73,-1.0
a,380,73,-1.0
a,450,73,1.0
a,455,73,1.0
a,466,73,1.0
a,470,73,1.0
a,474,73,1.0
a,479,73,-1.0
a,480,73,-1.0
a,118,74,-1.0
a,201,74,-1.0
a,297,74,-1.0
a,461,74,1.0
a,465,74,1.0
a,469,74,1.0
a,473,74,1.0
a,477,74,-1.0
a,478,74,-1.0
a,200,75,-1.0
a,296,75,-1.0
a,379,75,-1.0
a,449,75,1.0
a,454,75,1.0
a,460,75,1.0
a,472,75,1.0
a,475,75,-1.0
a,476,75,-1.0
a,199,76,-1.0
a,295,76,-1.0
a,378,76,-1.0
a,448,76,1.0
a,464,76,1.0
a,468,76,1.0
a,472,76,-1.0
a,473,76,-1.0
a,474,76,-1.0
a,58,77,-1.0
a,198,77,-1.0
a,377,77,-1.0
a,453,77,1.0
a,459,77,1.0
a,468,77,-1.0
a,469,77,-1.0
a,470,77,-1.0
a,471,77,-1.0
a,57,78,-1.0
a,294,78,-1.0
a,447,78,1.0
a,452,78,1.0
a,458,78,1.0
a,464,78,-1.0
a,465,78,-1.0
a,466,78,-1.0
a,467,78,-1.0
a,56,79,-1.0
a,376,79,-1.0
a,446,79,1.0
a,458,79,-1.0
a,459,79,-1.0
a,460,79,-1.0
a,461,79,-1.0
a,462,79,-1.0
a,463,79,-1.0
a,55,80,-1.0
a,197,80,-1.0
a,293,80,-1.0
a,452,80,-1.0
a,453,80,-1.0
a,454,80,-1.0
a,455,80,-1.0
a,456,80,-1.0
a,457,80,-1.0
a,54,81,-1.0
a,117,81,-1.0
a,196,81,-1.0
a,446,81,-1.0
a,447,81,-1.0
a,448,81,-1.0
a,449,81,-1.0
a,450,81,-1.0
a,451,81,-1.0
a,116,82,-1.0
a,334,82,-1.0
a,375,82,-1.0
a,422,82,1.0
a,428,82,1.0
a,432,82,1.0
a,441,82,1.0
a,443,82,1.0
a,445,82,1.0
a,115,83,-1.0
a,250,83,-1.0
a,416,83,1.0
a,421,83,1.0
a,427,83,1.0
a,436,83,1.0
a,440,83,1.0
a,442,83,1.0
a,444,83,1.0
a,114,84,-1.0
a,374,84,-1.0
a,415,84,1.0
a,420,84,1.0
a,431,84,1.0
a,435,84,1.0
a,439,84,1.0
a,444,84,-1.0
a,445,84,-1.0
a,113,85,-1.0
a,249,85,-1.0
a,333,85,-1.0
a,426,85,1.0
a,430,85,1.0
a,434,85,1.0
a,438,85,1.0
a,442,85,-1.0
a,443,85,-1.0
a,248,86,-1.0
a,332,86,-1.0
a,373,86,-1.0
a,414,86,1.0
a,419,86,1.0
a,425,86,1.0
a,437,86,1.0
a,440,86,-1.0
a,441,86,-1.0
a,247,87,-1.0
a,331,87,-1.0
a,372,87,-1.0
a,413,87,1.0
a,429,87,1.0
a,433,87,1.0
a,437,87,-1.0
a,438,87,-1.0
a,439,87,-1.0
a,53,88,-1.0
a,330,88,-1.0
a,371,88,-1.0
a,418,88,1.0
a,424,88,1.0
a,433,88,-1.0
a,434,88,-1.0
a,435,88,-1.0
a,436,88,-1.0
a,52,89,-1.0
a,246,89,-1.0
a,412,89,1.0
a,417,89,1.0
a,423,89,1.0
a,429,89,-1.0
a,430,89,-1.0
a,431,89,-1.0
a,432,89,-1.0
a,51,90,-1.0
a,370,90,-1.0
a,411,90,1.0
a,423,90,-1.0
a,424,90,-1.0
a,425,90,-1.0
a,426,90,-1.0
a,427,90,-1.0
a,428,90,-1.0
a,50,91,-1.0
a,245,91,-1.0
a,329,91,-1.0
a,417,91,-1.0
a,418,91,-1.0
a,419,91,-1.0
a,420,91,-1.0
a,421,91,-1.0
a,422,91,-1.0
a,49,92,-1.0
a,112,92,-1.0
a,328,92,-1.0
a,411,92,-1.0
a,412,92,-1.0
a,413,92,-1.0
a,414,92,-1.0
a,415,92,-1.0
a,416,92,-1.0
a,111,93,-1.0
a,375,93,1.0
a,381,93,1.0
a,387,93,1.0
a,392,93,1.0
a,397,93,1.0
a,406,93,1.0
a,408,93,1.0
a,410,93,1.0
a,110,94,-1.0
a,244,94,-1.0
a,292,94,-1.0
a,391,94,1.0
a,396,94,1.0
a,401,94,1.0
a,405,94,1.0
a,407,94,1.0
a,409,94,1.0
a,109,95,-1.0
a,291,95,-1.0
a,374,95,1.0
a,386,95,1.0
a,390,95,1.0
a,400,95,1.0
a,404,95,1.0
a,409,95,-1.0
a,410,95,-1.0
a,108,96,-1.0
a,243,96,-1.0
a,380,96,1.0
a,385,96,1.0
a,395,96,1.0
a,399,96,1.0
a,403,96,1.0
a,407,96,-1.0
a,408,96,-1.0
a,242,97,-1.0
a,290,97,-1.0
a,373,97,1.0
a,379,97,1.0
a,389,97,1.0
a,394,97,1.0
a,402,97,1.0
a,405,97,-1.0
a,406,97,-1.0
a,241,98,-1.0
a,289,98,-1.0
a,372,98,1.0
a,378,98,1.0
a,384,98,1.0
a,398,98,1.0
a,402,98,-1.0
a,403,98,-1.0
a,404,98,-1.0
a,48,99,-1.0
a,371,99,1.0
a,377,99,1.0
a,388,99,1.0
a,393,99,1.0
a,398,99,-1.0
a,399,99,-1.0
a,400,99,-1.0
a,401,99,-1.0
a,47,100,-1.0
a,288,100,-1.0
a,370,100,1.0
a,383,100,1.0
a,393,100,-1.0
a,394,100,-1.0
a,395,100,-1.0
a,396,100,-1.0
a,397,100,-1.0
a,46,101,-1.0
a,240,101,-1.0
a,376,101,1.0
a,382,101,1.0
a,388,101,-1.0
a,389,101,-1.0
a,390,101,-1.0
a,391,101,-1.0
a,392,101,-1.0
a,45,102,-1.0
a,239,102,-1.0
a,287,102,-1.0
a,382,102,-1.0
a,383,102,-1.0
a,384,102,-1.0
a,385,102,-1.0
a,386,102,-1.0
a,387,102,-1.0
a,44,103,-1.0
a,107,103,-1.0
a,286,103,-1.0
a,376,103,-1.0
a,377,103,-1.0
a,378,103,-1.0
a,379,103,-1.0
a,380,103,-1.0
a,381,103,-1.0
a,43,104,-1.0
a,106,104,-1.0
a,238,104,-1.0
a,370,104,-1.0
a,371,104,-1.0
a,372,104,-1.0
a,373,104,-1.0
a,374,104,-1.0
a,375,104,-1.0
a,105,105,-1.0
a,160,105,-1.0
a,334,105,1.0
a,346,105,1.0
a,351,105,1.0
a,356,105,1.0
a,365,105,1.0
a,367,105,1.0
a,369,105,1.0
a,104,106,-1.0
a,285,106,-1.0
a,340,106,1.0
a,350,106,1.0
a,355,106,1.0
a,360,106,1.0
a,364,106,1.0
a,366,106,1.0
a,368,106,1.0
a,103,107,-1.0
a,159,107,-1.0
a,339,107,1.0
a,345,107,1.0
a,349,107,1.0
a,359,107,1.0
a,363,107,1.0
a,368,107,-1.0
a,369,107,-1.0
a,102,108,-1.0
a,284,108,-1.0
a,333,108,1.0
a,344,108,1.0
a,354,108,1.0
a,358,108,1.0
a,362,108,1.0
a,366,108,-1.0
a,367,108,-1.0
a,158,109,-1.0
a,283,109,-1.0
a,332,109,1.0
a,338,109,1.0
a,348,109,1.0
a,353,109,1.0
a,361,109,1.0
a,364,109,-1.0
a,365,109,-1.0
a,157,110,-1.0
a,282,110,-1.0
a,331,110,1.0
a,337,110,1.0
a,343,110,1.0
a,357,110,1.0
a,361,110,-1.0
a,362,110,-1.0
a,363,110,-1.0
a,42,111,-1.0
a,156,111,-1.0
a,330,111,1.0
a,347,111,1.0
a,352,111,1.0
a,357,111,-1.0
a,358,111,-1.0
a,359,111,-1.0
a,360,111,-1.0
a,41,112,-1.0
a,155,112,-1.0
a,336,112,1.0
a,342,112,1.0
a,352,112,-1.0
a,353,112,-1.0
a,354,112,-1.0
a,355,112,-1.0
a,356,112,-1.0
a,40,113,-1.0
a,281,113,-1.0
a,329,113,1.0
a,341,113,1.0
a,347,113,-1.0
a,348,113,-1.0
a,349,113,-1.0
a,350,113,-1.0
a,351,113,-1.0
a,39,114,-1.0
a,280,114,-1.0
a,335,114,1.0
a,341,114,-1.0
a,342,114,-1.0
a,343,114,-1.0
a,344,114,-1.0
a,345,114,-1.0
a,346,114,-1.0
a,38,115,-1.0
a,101,115,-1.0
a,328,115,1.0
a,335,115,-1.0
a,336,115,-1.0
a,337,115,-1.0
a,338,115,-1.0
a,339,115,-1.0
a,340,115,-1.0
a,37,116,-1.0
a,100,116,-1.0
a,328,116,-1.0
a,329,116,-1.0
a,330,116,-1.0
a,331,116,-1.0
a,332,116,-1.0
a,333,116,-1.0
a,334,116,-1.0
a,99,117,-1.0
a,154,117,-1.0
a,298,117,1.0
a,304,117,1.0
a,309,117,1.0
a,314,117,1.0
a,323,117,1.0
a,325,117,1.0
a,327,117,1.0
a,98,118,-1.0
a,285,118,1.0
a,292,118,1.0
a,308,118,1.0
a,313,118,1.0
a,318,118,1.0
a,322,118,1.0
a,324,118,1.0
a,326,118,1.0
a,97,119,-1.0
a,153,119,-1.0
a,291,119,1.0
a,303,119,1.0
a,307,119,1.0
a,317,119,1.0
a,321,119,1.0
a,326,119,-1.0
a,327,119,-1.0
a,96,120,-1.0
a,284,120,1.0
a,297,120,1.0
a,302,120,1.0
a,312,120,1.0
a,316,120,1.0
a,320,120,1.0
a,324,120,-1.0
a,325,120,-1.0
a,152,121,-1.0
a,283,121,1.0
a,290,121,1.0
a,296,121,1.0
a,306,121,1.0
a,311,121,1.0
a,319,121,1.0
a,322,121,-1.0
a,323,121,-1.0
a,151,122,-1.0
a,282,122,1.0
a,289,122,1.0
a,295,122,1.0
a,301,122,1.0
a,315,122,1.0
a,319,122,-1.0
a,320,122,-1.0
a,321,122,-1.0
a,36,123,-1.0
a,150,123,-1.0
a,294,123,1.0
a,305,123,1.0
a,310,123,1.0
a,315,123,-1.0
a,316,123,-1.0
a,317,123,-1.0
a,318,123,-1.0
a,35,124,-1.0
a,149,124,-1.0
a,288,124,1.0
a,300,124,1.0
a,310,124,-1.0
a,311,124,-1.0
a,312,124,-1.0
a,313,124,-1.0
a,314,124,-1.0
a,34,125,-1.0
a,281,125,1.0
a,293,125,1.0
a,299,125,1.0
a,305,125,-1.0
a,306,125,-1.0
a,307,125,-1.0
a,308,125,-1.0
a,309,125,-1.0
a,33,126,-1.0
a,280,126,1.0
a,287,126,1.0
a,299,126,-1.0
a,300,126,-1.0
a,301,126,-1.0
a,302,126,-1.0
a,303,126,-1.0
a,304,126,-1.0
a,32,127,-1.0
a,95,127,-1.0
a,286,127,1.0
a,293,127,-1.0
a,294,127,-1.0
a,295,127,-1.0
a,296,127,-1.0
a,297,127,-1.0
a,298,127,-1.0
a,31,128,-1.0
a,94,128,-1.0
a,286,128,-1.0
a,287,128,-1.0
a,288,128,-1.0
a,289,128,-1.0
a,290,128,-1.0
a,291,128,-1.0
a,292,128,-1.0
a,30,129,-1.0
a,93,129,-1.0
a,148,129,-1.0
a,280,129,-1.0
a,281,129,-1.0
a,282,129,-1.0
a,283,129,-1.0
a,284,129,-1.0
a,285,129,-1.0
a,92,130,-1.0
a,147,130,-1.0
a,250,130,1.0
a,256,130,1.0
a,261,130,1.0
a,266,130,1.0
a,275,130,1.0
a,277,130,1.0
a,279,130,1.0
a,91,131,-1.0
a,195,131,-1.0
a,244,131,1.0
a,260,131,1.0
a,265,131,1.0
a,270,131,1.0
a,274,131,1.0
a,276,131,1.0
a,278,131,1.0
a,90,132,-1.0
a,146,132,-1.0
a,243,132,1.0
a,255,132,1.0
a,259,132,1.0
a,269,132,1.0
a,273,132,1.0
a,278,132,-1.0
a,279,132,-1.0
a,89,133,-1.0
a,194,133,-1.0
a,249,133,1.0
a,254,133,1.0
a,264,133,1.0
a,268,133,1.0
a,272,133,1.0
a,276,133,-1.0
a,277,133,-1.0
a,145,134,-1.0
a,193,134,-1.0
a,242,134,1.0
a,248,134,1.0
a,258,134,1.0
a,263,134,1.0
a,271,134,1.0
a,274,134,-1.0
a,275,134,-1.0
a,144,135,-1.0
a,192,135,-1.0
a,241,135,1.0
a,247,135,1.0
a,253,135,1.0
a,267,135,1.0
a,271,135,-1.0
a,272,135,-1.0
a,273,135,-1.0
a,29,136,-1.0
a,143,136,-1.0
a,246,136,1.0
a,257,136,1.0
a,262,136,1.0
a,267,136,-1.0
a,268,136,-1.0
a,269,136,-1.0
a,270,136,-1.0
a,28,137,-1.0
a,142,137,-1.0
a,240,137,1.0
a,252,137,1.0
a,262,137,-1.0
a,263,137,-1.0
a,264,137,-1.0
a,265,137,-1.0
a,266,137,-1.0
a,27,138,-1.0
a,191,138,-1.0
a,245,138,1.0
a,251,138,1.0
a,257,138,-1.0
a,258,138,-1.0
a,259,138,-1.0
a,260,138,-1.0
a,261,138,-1.0
a,26,139,-1.0
a,190,139,-1.0
a,239,139,1.0
a,251,139,-1.0
a,252,139,-1.0
a,253,139,-1.0
a,254,139,-1.0
a,255,139,-1.0
a,256,139,-1.0
a,25,140,-1.0
a,88,140,-1.0
a,238,140,1.0
a,245,140,-1.0
a,246,140,-1.0
a,247,140,-1.0
a,248,140,-1.0
a,249,140,-1.0
a,250,140,-1.0
a,24,141,-1.0
a,87,141,-1.0
a,238,141,-1.0
a,239,141,-1.0
a,240,141,-1.0
a,241,141,-1.0
a,242,141,-1.0
a,243,141,-1.0
a,244,141,-1.0
a,86,142,-1.0
a,141,142,-1.0
a,202,142,1.0
a,214,142,1.0
a,219,142,1.0
a,224,142,1.0
a,233,142,1.0
a,235,142,1.0
a,237,142,1.0
a,85,143,-1.0
a,195,143,1.0
a,208,143,1.0
a,218,143,1.0
a,223,143,1.0
a,228,143,1.0
a,232,143,1.0
a,234,143,1.0
a,236,143,1.0
a,84,144,-1.0
a,140,144,-1.0
a,207,144,1.0
a,213,144,1.0
a,217,144,1.0
a,227,144,1.0
a,231,144,1.0
a,236,144,-1.0
a,237,144,-1.0
a,83,145,-1.0
a,194,145,1.0
a,201,145,1.0
a,212,145,1.0
a,222,145,1.0
a,226,145,1.0
a,230,145,1.0
a,234,145,-1.0
a,235,145,-1.0
a,139,146,-1.0
a,193,146,1.0
a,200,146,1.0
a,206,146,1.0
a,216,146,1.0
a,221,146,1.0
a,229,146,1.0
a,232,146,-1.0
a,233,146,-1.0
a,138,147,-1.0
a,192,147,1.0
a,199,147,1.0
a,205,147,1.0
a,211,147,1.0
a,225,147,1.0
a,229,147,-1.0
a,230,147,-1.0
a,231,147,-1.0
a,23,148,-1.0
a,137,148,-1.0
a,198,148,1.0
a,215,148,1.0
a,220,148,1.0
a,225,148,-1.0
a,226,148,-1.0
a,227,148,-1.0
a,228,148,-1.0
a,22,149,-1.0
a,136,149,-1.0
a,204,149,1.0
a,210,149,1.0
a,220,149,-1.0
a,221,149,-1.0
a,222,149,-1.0
a,223,149,-1.0
a,224,149,-1.0
a,21,150,-1.0
a,191,150,1.0
a,197,150,1.0
a,209,150,1.0
a,215,150,-1.0
a,216,150,-1.0
a,217,150,-1.0
a,218,150,-1.0
a,219,150,-1.0
a,20,151,-1.0
a,190,151,1.0
a,203,151,1.0
a,209,151,-1.0
a,210,151,-1.0
a,211,151,-1.0
a,212,151,-1.0
a,213,151,-1.0
a,214,151,-1.0
a,19,152,-1.0
a,82,152,-1.0
a,196,152,1.0
a,203,152,-1.0
a,204,152,-1.0
a,205,152,-1.0
a,206,152,-1.0
a,207,152,-1.0
a,208,152,-1.0
a,18,153,-1.0
a,81,153,-1.0
a,196,153,-1.0
a,197,153,-1.0
a,198,153,-1.0
a,199,153,-1.0
a,200,153,-1.0
a,201,153,-1.0
a,202,153,-1.0
a,17,154,-1.0
a,80,154,-1.0
a,135,154,-1.0
a,190,154,-1.0
a,191,154,-1.0
a,192,154,-1.0
a,193,154,-1.0
a,194,154,-1.0
a,195,154,-1.0
a,79,155,-1.0
a,141,155,1.0
a,160,155,1.0
a,166,155,1.0
a,172,155,1.0
a,176,155,1.0
a,185,155,1.0
a,187,155,1.0
a,189,155,1.0
a,78,156,-1.0
a,147,156,1.0
a,154,156,1.0
a,165,156,1.0
a,171,156,1.0
a,180,156,1.0
a,184,156,1.0
a,186,156,1.0
a,188,156,1.0
a,77,157,-1.0
a,140,157,1.0
a,153,157,1.0
a,164,157,1.0
a,175,157,1.0
a,179,157,1.0
a,183,157,1.0
a,188,157,-1.0
a,189,157,-1.0
a,76,158,-1.0
a,146,158,1.0
a,159,158,1.0
a,170,158,1.0
a,174,158,1.0
a,178,158,1.0
a,182,158,1.0
a,186,158,-1.0
a,187,158,-1.0
a,139,159,1.0
a,145,159,1.0
a,152,159,1.0
a,158,159,1.0
a,163,159,1.0
a,169,159,1.0
a,181,159,1.0
a,184,159,-1.0
a,185,159,-1.0
a,138,160,1.0
a,144,160,1.0
a,151,160,1.0
a,157,160,1.0
a,173,160,1.0
a,177,160,1.0
a,181,160,-1.0
a,182,160,-1.0
a,183,160,-1.0
a,16,161,-1.0
a,137,161,1.0
a,156,161,1.0
a,162,161,1.0
a,168,161,1.0
a,177,161,-1.0
a,178,161,-1.0
a,179,161,-1.0
a,180,161,-1.0
a,15,162,-1.0
a,143,162,1.0
a,150,162,1.0
a,161,162,1.0
a,167,162,1.0
a,173,162,-1.0
a,174,162,-1.0
a,175,162,-1.0
a,176,162,-1.0
a,14,163,-1.0
a,136,163,1.0
a,149,163,1.0
a,167,163,-1.0
a,168,163,-1.0
a,169,163,-1.0
a,170,163,-1.0
a,171,163,-1.0
a,172,163,-1.0
a,13,164,-1.0
a,142,164,1.0
a,155,164,1.0
a,161,164,-1.0
a,162,164,-1.0
a,163,164,-1.0
a,164,164,-1.0
a,165,164,-1.0
a,166,164,-1.0
a,12,165,-1.0
a,75,165,-1.0
a,148,165,1.0
a,155,165,-1.0
a,156,165,-1.0
a,157,165,-1.0
a,158,165,-1.0
a,159,165,-1.0
a,160,165,-1.0
a,11,166,-1.0
a,74,166,-1.0
a,148,166,-1.0
a,149,166,-1.0
a,150,166,-1.0
a,151,166,-1.0
a,152,166,-1.0
a,153,166,-1.0
a,154,166,-1.0
a,10,167,-1.0
a,73,167,-1.0
a,135,167,1.0
a,142,167,-1.0
a,143,167,-1.0
a,144,167,-1.0
a,145,167,-1.0
a,146,167,-1.0
a,147,167,-1.0
a,9,168,-1.0
a,72,168,-1.0
a,135,168,-1.0
a,136,168,-1.0
a,137,168,-1.0
a,138,168,-1.0
a,139,168,-1.0
a,140,168,-1.0
a,141,168,-1.0
a,79,169,1.0
a,86,169,1.0
a,105,169,1.0
a,111,169,1.0
a,116,169,1.0
a,121,169,1.0
a,128,169,1.0
a,131,169,1.0
a,134,169,1.0
a,78,170,1.0
a,92,170,1.0
a,99,170,1.0
a,115,170,1.0
a,120,170,1.0
a,125,170,1.0
a,127,170,1.0
a,130,170,1.0
a,133,170,1.0
a,85,171,1.0
a,91,171,1.0
a,98,171,1.0
a,104,171,1.0
a,110,171,1.0
a,124,171,1.0
a,126,171,1.0
a,129,171,1.0
a,132,171,1.0
a,77,172,1.0
a,84,172,1.0
a,97,172,1.0
a,109,172,1.0
a,114,172,1.0
a,123,172,1.0
a,132,172,-1.0
a,133,172,-1.0
a,134,172,-1.0
a,76,173,1.0
a,90,173,1.0
a,103,173,1.0
a,108,173,1.0
a,119,173,1.0
a,122,173,1.0
a,129,173,-1.0
a,130,173,-1.0
a,131,173,-1.0
a,83,174,1.0
a,89,174,1.0
a,96,174,1.0
a,102,174,1.0
a,113,174,1.0
a,118,174,1.0
a,126,174,-1.0
a,127,174,-1.0
a,128,174,-1.0
a,8,175,-1.0
a,82,175,1.0
a,101,175,1.0
a,112,175,1.0
a,117,175,1.0
a,122,175,-1.0
a,123,175,-1.0
a,124,175,-1.0
a,125,175,-1.0
a,7,176,-1.0
a,81,176,1.0
a,95,176,1.0
a,107,176,1.0
a,117,176,-1.0
a,118,176,-1.0
a,119,176,-1.0
a,120,176,-1.0
a,121,176,-1.0
a,6,177,-1.0
a,88,177,1.0
a,100,177,1.0
a,106,177,1.0
a,112,177,-1.0
a,113,177,-1.0
a,114,177,-1.0
a,115,177,-1.0
a,116,177,-1.0
a,5,178,-1.0
a,87,178,1.0
a,94,178,1.0
a,106,178,-1.0
a,107,178,-1.0
a,108,178,-1.0
a,109,178,-1.0
a,110,178,-1.0
a,111,178,-1.0
a,4,179,-1.0
a,75,179,1.0
a,93,179,1.0
a,100,179,-1.0
a,101,179,-1.0
a,102,179,-1.0
a,103,179,-1.0
a,104,179,-1.0
a,105,179,-1.0
a,3,180,-1.0
a,74,180,1.0
a,93,180,-1.0
a,94,180,-1.0
a,95,180,-1.0
a,96,180,-1.0
a,97,180,-1.0
a,98,180,-1.0
a,99,180,-1.0
a,2,181,-1.0
a,73,181,1.0
a,80,181,1.0
a,87,181,-1.0
a,88,181,-1.0
a,89,181,-1.0
a,90,181,-1.0
a,91,181,-1.0
a,92,181,-1.0
a,1,182,-1.0
a,72,182,1.0
a,80,182,-1.0
a,81,182,-1.0
a,82,182,-1.0
a,83,182,-1.0
a,84,182,-1.0
a,85,182,-1.0
a,86,182,-1.0
a,0,183,-1.0
a,72,183,-1.0
a,73,183,-1.0
a,74,183,-1.0
a,75,183,-1.0
a,76,183,-1.0
a,77,183,-1.0
a,78,183,-1.0
a,79,183,-1.0
a,16,184,1.0
a,23,184,1.0
a,42,184,1.0
a,48,184,1.0
a,53,184,1.0
a,58,184,1.0
a,67,184,1.0
a,69,184,1.0
a,71,184,1.0
a,15,185,1.0
a,29,185,1.0
a,36,185,1.0
a,52,185,1.0
a,57,185,1.0
a,62,185,1.0
a,66,185,1.0
a,68,185,1.0
a,70,185,1.0
a,14,186,1.0
a,22,186,1.0
a,35,186,1.0
a,47,186,1.0
a,51,186,1.0
a,61,186,1.0
a,65,186,1.0
a,70,186,-1.0
a,71,186,-1.0
a,13,187,1.0
a,28,187,1.0
a,41,187,1.0
a,46,187,1.0
a,56,187,1.0
a,60,187,1.0
a,64,187,1.0
a,68,187,-1.0
a,69,187,-1.0
a,21,188,1.0
a,27,188,1.0
a,34,188,1.0
a,40,188,1.0
a,50,188,1.0
a,55,188,1.0
a,63,188,1.0
a,66,188,-1.0
a,67,188,-1.0
a,20,189,1.0
a,26,189,1.0
a,33,189,1.0
a,39,189,1.0
a,45,189,1.0
a,59,189,1.0
a,63,189,-1.0
a,64,189,-1.0
a,65,189,-1.0
a,8,190,1.0
a,19,190,1.0
a,38,190,1.0
a,49,190,1.0
a,54,190,1.0
a,59,190,-1.0
a,60,190,-1.0
a,61,190,-1.0
a,62,190,-1.0
a,7,191,1.0
a,18,191,1.0
a,32,191,1.0
a,44,191,1.0
a,54,191,-1.0
a,55,191,-1.0
a,56,191,-1.0
a,57,191,-1.0
a,58,191,-1.0
a,6,192,1.0
a,25,192,1.0
a,37,192,1.0
a,43,192,1.0
a,49,192,-1.0
a,50,192,-1.0
a,51,192,-1.0
a,52,192,-1.0
a,53,192,-1.0
a,5,193,1.0
a,24,193,1.0
a,31,193,1.0
a,43,193,-1.0
a,44,193,-1.0
a,45,193,-1.0
a,46,193,-1.0
a,47,193,-1.0
a,48,193,-1.0
a,4,194,1.0
a,12,194,1.0
a,30,194,1.0
a,37,194,-1.0
a,38,194,-1.0
a,39,194,-1.0
a,40,194,-1.0
a,41,194,-1.0
a,42,194,-1.0
a,3,195,1.0
a,11,195,1.0
a,30,195,-1.0
a,31,195,-1.0
a,32,195,-1.0
a,33,195,-1.0
a,34,195,-1.0
a,35,195,-1.0
a,36,195,-1.0
a,2,196,1.0
a,10,196,1.0
a,17,196,1.0
a,24,196,-1.0
a,25,196,-1.0
a,26,196,-1.0
a,27,196,-1.0
a,28,196,-1.0
a,29,196,-1.0
a,1,197,1.0
a,9,197,1.0
a,17,197,-1.0
a,18,197,-1.0
a,19,197,-1.0
a,20,197,-1.0
a,21,197,-1.0
a,22,197,-1.0
a,23,197,-1.0
a,0,198,1.0
a,9,198,-1.0
a,10,198,-1.0
a,11,198,-1.0
a,12,198,-1.0
a,13,198,-1.0
a,14,198,-1.0
a,15,198,-1.0
a,16,198,-1.0
a,0,199,-1.0
a,1,199,-1.0
a,2,199,-1.0
a,3,199,-1.0
a,4,199,-1.0
a,5,199,-1.0
a,6,199,-1.0
a,7,199,-1.0
a,8,199,-1.0
b,0,134,-1.0
b,0,189,-1.0
b,0,237,-1.0
b,0,410,-1.0
b,0,445,-1.0
b,0,530,-1.0
b,0,547,-1.0
b,0,564,-1.0
b,0,590,-1.0
b,1,133,-1.0
b,1,188,-1.0
b,1,327,-1.0
b,1,444,-1.0
b,1,509,-1.0
b,1,529,-1.0
b,1,546,-1.0
b,1,563,-1.0
b,1,599,-1.0
b,2,132,-1.0
b,2,236,-1.0
b,2,326,-1.0
b,2,409,-1.0
b,2,508,-1.0
b,2,545,-1.0
b,2,562,-1.0
b,2,589,-1.0
b,2,598,-1.0
b,3,131,-1.0
b,3,187,-1.0
b,3,369,-1.0
b,3,408,-1.0
b,3,480,-1.0
b,3,528,-1.0
b,3,544,-1.0
b,3,581,-1.0
b,3,588,-1.0
b,4,130,-1.0
b,4,186,-1.0
b,4,279,-1.0
b,4,479,-1.0
b,4,507,-1.0
b,4,527,-1.0
b,4,543,-1.0
b,4,580,-1.0
b,4,597,-1.0
b,5,129,-1.0
b,5,278,-1.0
b,5,368,-1.0
b,5,407,-1.0
b,5,506,-1.0
b,5,542,-1.0
b,5,579,-1.0
b,5,587,-1.0
b,5,596,-1.0
b,6,128,-1.0
b,6,235,-1.0
b,6,367,-1.0
b,6,443,-1.0
b,6,478,-1.0
b,6,526,-1.0
b,6,561,-1.0
b,6,578,-1.0
b,6,586,-1.0
b,7,127,-1.0
b,7,277,-1.0
b,7,325,-1.0
b,7,442,-1.0
b,7,477,-1.0
b,7,525,-1.0
b,7,560,-1.0
b,7,577,-1.0
b,7,595,-1.0
b,8,126,-1.0
b,8,234,-1.0
b,8,276,-1.0
b,8,324,-1.0
b,8,366,-1.0
b,8,559,-1.0
b,8,576,-1.0
b,8,585,-1.0
b,8,594,-1.0
b,9,185,-1.0
b,9,233,-1.0
b,9,365,-1.0
b,9,406,-1.0
b,9,441,-1.0
b,9,476,-1.0
b,9,541,-1.0
b,9,558,-1.0
b,9,575,-1.0
b,10,184,-1.0
b,10,275,-1.0
b,10,323,-1.0
b,10,440,-1.0
b,10,475,-1.0
b,10,505,-1.0
b,10,540,-1.0
b,10,557,-1.0
b,10,574,-1.0
b,11,232,-1.0
b,11,274,-1.0
b,11,322,-1.0
b,11,364,-1.0
b,11,405,-1.0
b,11,504,-1.0
b,11,539,-1.0
b,11,556,-1.0
b,11,573,-1.0
b,12,183,-1.0
b,12,231,-1.0
b,12,321,-1.0
b,12,404,-1.0
b,12,439,-1.0
b,12,503,-1.0
b,12,524,-1.0
b,12,584,-1.0
b,12,593,-1.0
b,13,182,-1.0
b,13,273,-1.0
b,13,363,-1.0
b,13,403,-1.0
b,13,474,-1.0
b,13,502,-1.0
b,13,523,-1.0
b,13,583,-1.0
b,13,592,-1.0
b,14,230,-1.0
b,14,272,-1.0
b,14,320,-1.0
b,14,362,-1.0
b,14,438,-1.0
b,14,473,-1.0
b,14,522,-1.0
b,14,582,-1.0
b,14,591,-1.0
b,15,181,-1.0
b,15,229,-1.0
b,15,271,-1.0
b,15,319,-1.0
b,15,361,-1.0
b,15,402,-1.0
b,15,437,-1.0
b,15,472,-1.0
b,15,501,-1.0
b,16,180,-1.0
b,16,436,-1.0
b,16,471,-1.0
b,16,538,-1.0
b,16,555,-1.0
b,16,572,-1.0
b,16,595,1.0
b,16,597,1.0
b,16,599,1.0
b,17,228,-1.0
b,17,360,-1.0
b,17,401,-1.0
b,17,537,-1.0
b,17,554,-1.0
b,17,571,-1.0
b,17,594,1.0
b,17,596,1.0
b,17,598,1.0
b,18,179,-1.0
b,18,227,-1.0
b,18,400,-1.0
b,18,435,-1.0
b,18,536,-1.0
b,18,553,-1.0
b,18,593,1.0
b,18,598,-1.0
b,18,599,-1.0
b,19,178,-1.0
b,19,359,-1.0
b,19,399,-1.0
b,19,470,-1.0
b,19,535,-1.0
b,19,570,-1.0
b,19,592,1.0
b,19,596,-1.0
b,19,597,-1.0
b,20,226,-1.0
b,20,358,-1.0
b,20,434,-1.0
b,20,469,-1.0
b,20,552,-1.0
b,20,569,-1.0
b,20,591,1.0
b,20,594,-1.0
b,20,595,-1.0
b,21,177,-1.0
b,21,225,-1.0
b,21,357,-1.0
b,21,398,-1.0
b,21,433,-1.0
b,21,468,-1.0
b,21,591,-1.0
b,21,592,-1.0
b,21,593,-1.0
b,22,176,-1.0
b,22,432,-1.0
b,22,467,-1.0
b,22,534,-1.0
b,22,551,-1.0
b,22,568,-1.0
b,22,586,1.0
b,22,588,1.0
b,22,590,1.0
b,23,270,-1.0
b,23,318,-1.0
b,23,500,-1.0
b,23,533,-1.0
b,23,550,-1.0
b,23,567,-1.0
b,23,585,1.0
b,23,587,1.0
b,23,589,1.0
b,24,175,-1.0
b,24,317,-1.0
b,24,431,-1.0
b,24,499,-1.0
b,24,532,-1.0
b,24,549,-1.0
b,24,584,1.0
b,24,589,-1.0
b,24,590,-1.0
b,25,174,-1.0
b,25,269,-1.0
b,25,466,-1.0
b,25,498,-1.0
b,25,531,-1.0
b,25,566,-1.0
b,25,583,1.0
b,25,587,-1.0
b,25,588,-1.0
b,26,268,-1.0
b,26,316,-1.0
b,26,430,-1.0
b,26,465,-1.0
b,26,548,-1.0
b,26,565,-1.0
b,26,582,1.0
b,26,585,-1.0
b,26,586,-1.0
b,27,173,-1.0
b,27,267,-1.0
b,27,315,-1.0
b,27,429,-1.0
b,27,464,-1.0
b,27,497,-1.0
b,27,582,-1.0
b,27,583,-1.0
b,27,584,-1.0
b,28,172,-1.0
b,28,224,-1.0
b,28,397,-1.0
b,28,428,-1.0
b,28,521,-1.0
b,28,568,1.0
b,28,575,1.0
b,28,578,1.0
b,28,581,1.0
b,29,171,-1.0
b,29,314,-1.0
b,29,427,-1.0
b,29,496,-1.0
b,29,520,-1.0
b,29,572,1.0
b,29,574,1.0
b,29,577,1.0
b,29,580,1.0
b,30,223,-1.0
b,30,313,-1.0
b,30,396,-1.0
b,30,495,-1.0
b,30,567,1.0
b,30,571,1.0
b,30,573,1.0
b,30,576,1.0
b,30,579,1.0
b,31,170,-1.0
b,31,395,-1.0
b,31,494,-1.0
b,31,519,-1.0
b,31,566,1.0
b,31,570,1.0
b,31,579,-1.0
b,31,580,-1.0
b,31,581,-1.0
b,32,222,-1.0
b,32,312,-1.0
b,32,426,-1.0
b,32,518,-1.0
b,32,565,1.0
b,32,569,1.0
b,32,576,-1.0
b,32,577,-1.0
b,32,578,-1.0
b,33,169,-1.0
b,33,221,-1.0
b,33,311,-1.0
b,33,394,-1.0
b,33,425,-1.0
b,33,493,-1.0
b,33,573,-1.0
b,33,574,-1.0
b,33,575,-1.0
b,34,71,-1.0
b,34,168,-1.0
b,34,220,-1.0
b,34,393,-1.0
b,34,424,-1.0
b,34,569,-1.0
b,34,570,-1.0
b,34,571,-1.0
b,34,572,-1.0
b,35,70,-1.0
b,35,167,-1.0
b,35,310,-1.0
b,35,423,-1.0
b,35,492,-1.0
b,35,565,-1.0
b,35,566,-1.0
b,35,567,-1.0
b,35,568,-1.0
b,36,166,-1.0
b,36,356,-1.0
b,36,392,-1.0
b,36,463,-1.0
b,36,517,-1.0
b,36,551,1.0
b,36,558,1.0
b,36,561,1.0
b,36,564,1.0
b,37,165,-1.0
b,37,266,-1.0
b,37,462,-1.0
b,37,491,-1.0
b,37,516,-1.0
b,37,555,1.0
b,37,557,1.0
b,37,560,1.0
b,37,563,1.0
b,38,265,-1.0
b,38,355,-1.0
b,38,391,-1.0
b,38,490,-1.0
b,38,550,1.0
b,38,554,1.0
b,38,556,1.0
b,38,559,1.0
b,38,562,1.0
b,39,164,-1.0
b,39,390,-1.0
b,39,489,-1.0
b,39,515,-1.0
b,39,549,1.0
b,39,553,1.0
b,39,562,-1.0
b,39,563,-1.0
b,39,564,-1.0
b,40,264,-1.0
b,40,354,-1.0
b,40,461,-1.0
b,40,514,-1.0
b,40,548,1.0
b,40,552,1.0
b,40,559,-1.0
b,40,560,-1.0
b,40,561,-1.0
b,41,163,-1.0
b,41,263,-1.0
b,41,353,-1.0
b,41,389,-1.0
b,41,460,-1.0
b,41,488,-1.0
b,41,556,-1.0
b,41,557,-1.0
b,41,558,-1.0
b,42,69,-1.0
b,42,162,-1.0
b,42,352,-1.0
b,42,388,-1.0
b,42,459,-1.0
b,42,552,-1.0
b,42,553,-1.0
b,42,554,-1.0
b,42,555,-1.0
b,43,68,-1.0
b,43,161,-1.0
b,43,262,-1.0
b,43,458,-1.0
b,43,487,-1.0
b,43,548,-1.0
b,43,549,-1.0
b,43,550,-1.0
b,43,551,-1.0
b,44,219,-1.0
b,44,351,-1.0
b,44,422,-1.0
b,44,457,-1.0
b,44,513,-1.0
b,44,534,1.0
b,44,541,1.0
b,44,544,1.0
b,44,547,1.0
b,45,261,-1.0
b,45,309,-1.0
b,45,421,-1.0
b,45,456,-1.0
b,45,512,-1.0
b,45,538,1.0
b,45,540,1.0
b,45,543,1.0
b,45,546,1.0
b,46,218,-1.0
b,46,260,-1.0
b,46,308,-1.0
b,46,350,-1.0
b,46,533,1.0
b,46,537,1.0
b,46,539,1.0
b,46,542,1.0
b,46,545,1.0
b,47,217,-1.0
b,47,307,-1.0
b,47,420,-1.0
b,47,511,-1.0
b,47,532,1.0
b,47,536,1.0
b,47,545,-1.0
b,47,546,-1.0
b,47,547,-1.0
b,48,259,-1.0
b,48,349,-1.0
b,48,455,-1.0
b,48,510,-1.0
b,48,531,1.0
b,48,535,1.0
b,48,542,-1.0
b,48,543,-1.0
b,48,544,-1.0
b,49,216,-1.0
b,49,258,-1.0
b,49,306,-1.0
b,49,348,-1.0
b,49,419,-1.0
b,49,454,-1.0
b,49,539,-1.0
b,49,540,-1.0
b,49,541,-1.0
b,50,67,-1.0
b,50,215,-1.0
b,50,347,-1.0
b,50,418,-1.0
b,50,453,-1.0
b,50,535,-1.0
b,50,536,-1.0
b,50,537,-1.0
b,50,538,-1.0
b,51,66,-1.0
b,51,257,-1.0
b,51,305,-1.0
b,51,417,-1.0
b,51,452,-1.0
b,51,531,-1.0
b,51,532,-1.0
b,51,533,-1.0
b,51,534,-1.0
b,52,214,-1.0
b,52,346,-1.0
b,52,387,-1.0
b,52,513,1.0
b,52,517,1.0
b,52,521,1.0
b,52,526,1.0
b,52,528,1.0
b,52,530,1.0
b,53,256,-1.0
b,53,304,-1.0
b,53,486,-1.0
b,53,512,1.0
b,53,516,1.0
b,53,520,1.0
b,53,525,1.0
b,53,527,1.0
b,53,529,1.0
b,54,213,-1.0
b,54,303,-1.0
b,54,386,-1.0
b,54,485,-1.0
b,54,511,1.0
b,54,515,1.0
b,54,524,1.0
b,54,529,-1.0
b,54,530,-1.0
b,55,255,-1.0
b,55,345,-1.0
b,55,385,-1.0
b,55,484,-1.0
b,55,510,1.0
b,55,519,1.0
b,55,523,1.0
b,55,527,-1.0
b,55,528,-1.0
b,56,212,-1.0
b,56,254,-1.0
b,56,302,-1.0
b,56,344,-1.0
b,56,514,1.0
b,56,518,1.0
b,56,522,1.0
b,56,525,-1.0
b,56,526,-1.0
b,57,211,-1.0
b,57,253,-1.0
b,57,301,-1.0
b,57,343,-1.0
b,57,384,-1.0
b,57,483,-1.0
b,57,522,-1.0
b,57,523,-1.0
b,57,524,-1.0
b,58,65,-1.0
b,58,210,-1.0
b,58,300,-1.0
b,58,383,-1.0
b,58,482,-1.0
b,58,518,-1.0
b,58,519,-1.0
b,58,520,-1.0
b,58,521,-1.0
b,59,64,-1.0
b,59,252,-1.0
b,59,342,-1.0
b,59,382,-1.0
b,59,481,-1.0
b,59,514,-1.0
b,59,515,-1.0
b,59,516,-1.0
b,59,517,-1.0
b,60,63,-1.0
b,60,209,-1.0
b,60,251,-1.0
b,60,299,-1.0
b,60,341,-1.0
b,60,510,-1.0
b,60,511,-1.0
b,60,512,-1.0
b,60,513,-1.0
b,61,125,-1.0
b,61,416,-1.0
b,61,451,-1.0
b,61,486,1.0
b,61,491,1.0
b,61,496,1.0
b,61,505,1.0
b,61,507,1.0
b,61,509,1.0
b,62,124,-1.0
b,62,208,-1.0
b,62,340,-1.0
b,62,490,1.0
b,62,495,1.0
b,62,500,1.0
b,62,504,1.0
b,62,506,1.0
b,62,508,1.0
b,63,123,-1.0
b,63,207,-1.0
b,63,415,-1.0
b,63,485,1.0
b,63,489,1.0
b,63,499,1.0
b,63,503,1.0
b,63,508,-1.0
b,63,509,-1.0
b,64,122,-1.0
b,64,339,-1.0
b,64,450,-1.0
b,64,484,1.0
b,64,494,1.0
b,64,498,1.0
b,64,502,1.0
b,64,506,-1.0
b,64,507,-1.0
b,65,206,-1.0
b,65,338,-1.0
b,65,414,-1.0
b,65,449,-1.0
b,65,488,1.0
b,65,493,1.0
b,65,501,1.0
b,65,504,-1.0
b,65,505,-1.0
b,66,205,-1.0
b,66,337,-1.0
b,66,413,-1.0
b,66,448,-1.0
b,66,483,1.0
b,66,497,1.0
b,66,501,-1.0
b,66,502,-1.0
b,66,503,-1.0
b,67,62,-1.0
b,67,412,-1.0
b,67,447,-1.0
b,67,487,1.0
b,67,492,1.0
b,67,497,-1.0
b,67,498,-1.0
b,67,499,-1.0
b,67,500,-1.0
b,68,61,-1.0
b,68,204,-1.0
b,68,411,-1.0
b,68,482,1.0
b,68,492,-1.0
b,68,493,-1.0
b,68,494,-1.0
b,68,495,-1.0
b,68,496,-1.0
b,69,60,-1.0
b,69,336,-1.0
b,69,446,-1.0
b,69,481,1.0
b,69,487,-1.0
b,69,488,-1.0
b,69,489,-1.0
b,69,490,-1.0
b,69,491,-1.0
b,70,59,-1.0
b,70,203,-1.0
b,70,335,-1.0
b,70,481,-1.0
b,70,482,-1.0
b,70,483,-1.0
b,70,484,-1.0
b,70,485,-1.0
b,70,486,-1.0
b,71,121,-1.0
b,71,202,-1.0
b,71,381,-1.0
b,71,457,1.0
b,71,463,1.0
b,71,467,1.0
b,71,476,1.0
b,71,478,1.0
b,71,480,1.0
b,72,120,-1.0
b,72,298,-1.0
b,72,451,1.0
b,72,456,1.0
b,72,462,1.0
b,72,471,1.0
b,72,475,1.0
b,72,477,1.0
b,72,479,1.0
b,73,119,-1.0
b,73,380,-1.0
b,73,450,1.0
b,73,455,1.0
b,73,466,1.0
b,73,470,1.0
b,73,474,1.0
b,73,479,-1.0
b,73,480,-1.0
b,74,118,-1.0
b,74,201,-1.0
b,74,297,-1.0
b,74,461,1.0
b,74,465,1.0
b,74,469,1.0
b,74,473,1.0
b,74,477,-1.0
b,74,478,-1.0
b,75,200,-1.0
b,75,296,-1.0
b,75,379,-1.0
b,75,449,1.0
b,75,454,1.0
b,75,460,1.0
b,75,472,1.0
b,75,475,-1.0
b,75,476,-1.0
b,76,199,-1.0
b,76,295,-1.0
b,76,378,-1.0
b,76,448,1.0
b,76,464,1.0
b,76,468,1.0
b,76,472,-1.0
b,76,473,-1.0
b,76,474,-1.0
b,77,58,-1.0
b,77,198,-1.0
b,77,377,-1.0
b,77,453,1.0
b,77,459,1.0
b,77,468,-1.0
b,77,469,-1.0
b,77,470,-1.0
b,77,471,-1.0
b,78,57,-1.0
b,78,294,-1.0
b,78,447,1.0
b,78,452,1.0
b,78,458,1.0
b,78,464,-1.0
b,78,465,-1.0
b,78,466,-1.0
b,78,467,-1.0
b,79,56,-1.0
b,79,376,-1.0
b,79,446,1.0
b,79,458,-1.0
b,79,459,-1.0
b,79,460,-1.0
b,79,461,-1.0
b,79,462,-1.0
b,79,463,-1.0
b,80,55,-1.0
b,80,197,-1.0
b,80,293,-1.0
b,80,452,-1.0
b,80,453,-1.0
b,80,454,-1.0
b,80,455,-1.0
b,80,456,-1.0
b,80,457,-1.0
b,81,54,-1.0
b,81,117,-1.0
b,81,196,-1.0
b,81,446,-1.0
b,81,447,-1.0
b,81,448,-1.0
b,81,449,-1.0
b,81,450,-1.0
b,81,451,-1.0
b,82,116,-1.0
b,82,334,-1.0
b,82,375,-1.0
b,82,422,1.0
b,82,428,1.0
b,82,432,1.0
b,82,441,1.0
b,82,443,1.0
b,82,445,1.0
b,83,115,-1.0
b,83,250,-1.0
b,83,416,1.0
b,83,421,1.0
b,83,427,1.0
b,83,436,1.0
b,83,440,1.0
b,83,442,1.0
b,83,444,1.0
b,84,114,-1.0
b,84,374,-1.0
b,84,415,1.0
b,84,420,1.0
b,84,431,1.0
b,84,435,1.0
b,84,439,1.0
b,84,444,-1.0
b,84,445,-1.0
b,85,113,-1.0
b,85,249,-1.0
b,85,333,-1.0
b,85,426,1.0
b,85,430,1.0
b,85,434,1.0
b,85,438,1.0
b,85,442,-1.0
b,85,443,-1.0
b,86,248,-1.0
b,86,332,-1.0
b,86,373,-1.0
b,86,414,1.0
b,86,419,1.0
b,86,425,1.0
b,86,437,1.0
b,86,440,-1.0
b,86,441,-1.0
b,87,247,-1.0
b,87,331,-1.0
b,87,372,-1.0
b,87,413,1.0
b,87,429,1.0
b,87,433,1.0
b,87,437,-1.0
b,87,438,-1.0
b,87,439,-1.0
b,88,53,-1.0
b,88,330,-1.0
b,88,371,-1.0
b,88,418,1.0
b,88,424,1.0
b,88,433,-1.0
b,88,434,-1.0
b,88,435,-1.0
b,88,436,-1.0
b,89,52,-1.0
b,89,246,-1.0
b,89,412,1.0
b,89,417,1.0
b,89,423,1.0
b,89,429,-1.0
b,89,430,-1.0
b,89,431,-1.0
b,89,432,-1.0
b,90,51,-1.0
b,90,370,-1.0
b,90,411,1.0
b,90,423,-1.0
b,90,424,-1.0
b,90,425,-1.0
b,90,426,-1.0
b,90,427,-1.0
b,90,428,-1.0
b,91,50,-1.0
b,91,245,-1.0
b,91,329,-1.0
b,91,417,-1.0
b,91,418,-1.0
b,91,419,-1.0
b,91,420,-1.0
b,91,421,-1.0
b,91,422,-1.0
b,92,49,-1.0
b,92,112,-1.0
b,92,328,-1.0
b,92,411,-1.0
b,92,412,-1.0
b,92,413,-1.0
b,92,414,-1.0
b,92,415,-1.0
b,92,416,-1.0
b,93,111,-1.0
b,93,375,1.0
b,93,381,1.0
b,93,387,1.0
b,93,392,1.0
b,93,397,1.0
b,93,406,1.0
b,93,408,1.0
b,93,410,1.0
b,94,110,-1.0
b,94,244,-1.0
b,94,292,-1.0
b,94,391,1.0
b,94,396,1.0
b,94,401,1.0
b,94,405,1.0
b,94,407,1.0
b,94,409,1.0
b,95,109,-1.0
b,95,291,-1.0
b,95,374,1.0
b,95,386,1.0
b,95,390,1.0
b,95,400,1.0
b,95,404,1.0
b,95,409,-1.0
b,95,410,-1.0
b,96,108,-1.0
b,96,243,-1.0
b,96,380,1.0
b,96,385,1.0
b,96,395,1.0
b,96,399,1.0
b,96,403,1.0
b,96,407,-1.0
b,96,408,-1.0
b,97,242,-1.0
b,97,290,-1.0
b,97,373,1.0
b,97,379,1.0
b,97,389,1.0
b,97,394,1.0
b,97,402,1.0
b,97,405,-1.0
b,97,406,-1.0
b,98,241,-1.0
b,98,289,-1.0
b,98,372,1.0
b,98,378,1.0
b,98,384,1.0
b,98,398,1.0
b,98,402,-1.0
b,98,403,-1.0
b,98,404,-1.0
b,99,48,-1.0
b,99,371,1.0
b,99,377,1.0
b,99,388,1.0
b,99,393,1.0
b,99,398,-1.0
b,99,399,-1.0
b,99,400,-1.0
b,99,401,-1.0
b,100,47,-1.0
b,100,288,-1.0
b,100,370,1.0
b,100,383,1.0
b,100,393,-1.0
b,100,394,-1.0
b,100,395,-1.0
b,100,396,-1.0
b,100,397,-1.0
b,101,46,-1.0
b,101,240,-1.0
b,101,376,1.0
b,101,382,1.0
b,101,388,-1.0
b,101,389,-1.0
b,101,390,-1.0
b,101,391,-1.0
b,101,392,-1.0
b,102,45,-1.0
b,102,239,-1.0
b,102,287,-1.0
b,102,382,-1.0
b,102,383,-1.0
b,102,384,-1.0
b,102,385,-1.0
b,102,386,-1.0
b,102,387,-1.0
b,103,44,-1.0
b,103,107,-1.0
b,103,286,-1.0
b,103,376,-1.0
b,103,377,-1.0
b,103,378,-1.0
b,103,379,-1.0
b,103,380,-1.0
b,103,381,-1.0
b,104,43,-1.0
b,104,106,-1.0
b,104,238,-1.0
b,104,370,-1.0
b,104,371,-1.0
b,104,372,-1.0
b,104,373,-1.0
b,104,374,-1.0
b,104,375,-1.0
b,105,105,-1.0
b,105,160,-1.0
b,105,334,1.0
b,105,346,1.0
b,105,351,1.0
b,105,356,1.0
b,105,365,1.0
b,105,367,1.0
b,105,369,1.0
b,106,104,-1.0
b,106,285,-1.0
b,106,340,1.0
b,106,350,1.0
b,106,355,1.0
b,106,360,1.0
b,106,364,1.0
b,106,366,1.0
b,106,368,1.0
b,107,103,-1.0
b,107,159,-1.0
b,107,339,1.0
b,107,345,1.0
b,107,349,1.0
b,107,359,1.0
b,107,363,1.0
b,107,368,-1.0
b,107,369,-1.0
b,108,102,-1.0
b,108,284,-1.0
b,108,333,1.0
b,108,344,1.0
b,108,354,1.0
b,108,358,1.0
b,108,362,1.0
b,108,366,-1.0
b,108,367,-1.0
b,109,158,-1.0
b,109,283,-1.0
b,109,332,1.0
b,109,338,1.0
b,109,348,1.0
b,109,353,1.0
b,109,361,1.0
b,109,364,-1.0
b,109,365,-1.0
b,110,157,-1.0
b,110,282,-1.0
b,110,331,1.0
b,110,337,1.0
b,110,343,1.0
b,110,357,1.0
b,110,361,-1.0
b,110,362,-1.0
b,110,363,-1.0
b,111,42,-1.0
b,111,156,-1.0
b,111,330,1.0
b,111,347,1.0
b,111,352,1.0
b,111,357,-1.0
b,111,358,-1.0
b,111,359,-1.0
b,111,360,-1.0
b,112,41,-1.0
b,112,155,-1.0
b,112,336,1.0
b,112,342,1.0
b,112,352,-1.0
b,112,353,-1.0
b,112,354,-1.0
b,112,355,-1.0
b,112,356,-1.0
b,113,40,-1.0
b,113,281,-1.0
b,113,329,1.0
b,113,341,1.0
b,113,347,-1.0
b,113,348,-1.0
b,113,349,-1.0
b,113,350,-1.0
b,113,351,-1.0
b,114,39,-1.0
b,114,280,-1.0
b,114,335,1.0
b,114,341,-1.0
b,114,342,-1.0
b,114,343,-1.0
b,114,344,-1.0
b,114,345,-1.0
b,114,346,-1.0
b,115,38,-1.0
b,115,101,-1.0
b,115,328,1.0
b,115,335,-1.0
b,115,336,-1.0
b,115,337,-1.0
b,115,338,-1.0
b,115,339,-1.0
b,115,340,-1.0
b,116,37,-1.0
b,116,100,-1.0
b,116,328,-1.0
b,116,329,-1.0
b,116,330,-1.0
b,116,331,-1.0
b,116,332,-1.0
b,116,333,-1.0
b,116,334,-1.0
b,117,99,-1.0
b,117,154,-1.0
b,117,298,1.0
b,117,304,1.0
b,117,309,1.0
b,117,314,1.0
b,117,323,1.0
b,117,325,1.0
b,117,327,1.0
b,118,98,-1.0
b,118,285,1.0
b,118,292,1.0
b,118,308,1.0
b,118,313,1.0
b,118,318,1.0
b,118,322,1.0
b,118,324,1.0
b,118,326,1.0
b,119,97,-1.0
b,119,153,-1.0
b,119,291,1.0
b,119,303,1.0
b,119,307,1.0
b,119,317,1.0
b,119,321,1.0
b,119,326,-1.0
b,119,327,-1.0
b,120,96,-1.0
b,120,284,1.0
b,120,297,1.0
b,120,302,1.0
b,120,312,1.0
b,120,316,1.0
b,120,320,1.0
b,120,324,-1.0
b,120,325,-1.0
b,121,152,-1.0
b,121,283,1.0
b,121,290,1.0
b,121,296,1.0
b,121,306,1.0
b,121,311,1.0
b,121,319,1.0
b,121,322,-1.0
b,121,323,-1.0
b,122,151,-1.0
b,122,282,1.0
b,122,289,1.0
b,122,295,1.0
b,122,301,1.0
b,122,315,1.0
b,122,319,-1.0
b,122,320,-1.0
b,122,321,-1.0
b,123,36,-1.0
b,123,150,-1.0
b,123,294,1.0
b,123,305,1.0
b,123,310,1.0
b,123,315,-1.0
b,123,316,-1.0
b,123,317,-1.0
b,123,318,-1.0
b,124,35,-1.0
b,124,149,-1.0
b,124,288,1.0
b,124,300,1.0
b,124,310,-1.0
b,124,311,-1.0
b,124,312,-1.0
b,124,313,-1.0
b,124,314,-1.0
b,125,34,-1.0
b,125,281,1.0
b,125,293,1.0
b,125,299,1.0
b,125,305,-1.0
b,125,306,-1.0
b,125,307,-1.0
b,125,308,-1.0
b,125,309,-1.0
b,126,33,-1.0
b,126,280,1.0
b,126,287,1.0
b,126,299,-1.0
b,126,300,-1.0
b,126,301,-1.0
b,126,302,-1.0
b,126,303,-1.0
b,126,304,-1.0
b,127,32,-1.0
b,127,95,-1.0
b,127,286,1.0
b,127,293,-1.0
b,127,294,-1.0
b,127,295,-1.0
b,127,296,-1.0
b,127,297,-1.0
b,127,298,-1.0
b,128,31,-1.0
b,128,94,-1.0
b,128,286,-1.0
b,128,287,-1.0
b,128,288,-1.0
b,128,289,-1.0
b,128,290,-1.0
b,128,291,-1.0
b,128,292,-1.0
b,129,30,-1.0
b,129,93,-1.0
b,129,148,-1.0
b,129,280,-1.0
b,129,281,-1.0
b,129,282,-1.0
b,129,283,-1.0
b,129,284,-1.0
b,129,285,-1.0
b,130,92,-1.0
b,130,147,-1.0
b,130,250,1.0
b,130,256,1.0
b,130,261,1.0
b,130,266,1.0
b,130,275,1.0
b,130,277,1.0
b,130,279,1.0
b,131,91,-1.0
b,131,195,-1.0
b,131,244,1.0
b,131,260,1.0
b,131,265,1.0
b,131,270,1.0
b,131,274,1.0
b,131,276,1.0
b,131,278,1.0
b,132,90,-1.0
b,132,146,-1.0
b,132,243,1.0
b,132,255,1.0
b,132,259,1.0
b,132,269,1.0
b,132,273,1.0
b,132,278,-1.0
b,132,279,-1.0
b,133,89,-1.0
b,133,194,-1.0
b,133,249,1.0
b,133,254,1.0
b,133,264,1.0
b,133,268,1.0
b,133,272,1.0
b,133,276,-1.0
b,133,277,-1.0
b,134,145,-1.0
b,134,193,-1.0
b,134,242,1.0
b,134,248,1.0
b,134,258,1.0
b,134,263,1.0
b,134,271,1.0
b,134,274,-1.0
b,134,275,-1.0
b,135,144,-1.0
b,135,192,-1.0
b,135,241,1.0
b,135,247,1.0
b,135,253,1.0
b,135,267,1.0
b,135,271,-1.0
b,135,272,-1.0
b,135,273,-1.0
b,136,29,-1.0
b,136,143,-1.0
b,136,246,1.0
b,136,257,1.0
b,136,262,1.0
b,136,267,-1.0
b,136,268,-1.0
b,136,269,-1.0
b,136,270,-1.0
b,137,28,-1.0
b,137,142,-1.0
b,137,240,1.0
b,137,252,1.0
b,137,262,-1.0
b,137,263,-1.0
b,137,264,-1.0
b,137,265,-1.0
b,137,266,-1.0
b,138,27,-1.0
b,138,191,-1.0
b,138,245,1.0
b,138,251,1.0
b,138,257,-1.0
b,138,258,-1.0
b,138,259,-1.0
b,138,260,-1.0
b,138,261,-1.0
b,139,26,-1.0
b,139,190,-1.0
b,139,239,1.0
b,139,251,-1.0
b,139,252,-1.0
b,139,253,-1.0
b,139,254,-1.0
b,139,255,-1.0
b,139,256,-1.0
b,140,25,-1.0
b,140,88,-1.0
b,140,238,1.0
b,140,245,-1.0
b,140,246,-1.0
b,140,247,-1.0
b,140,248,-1.0
b,140,249,-1.0
b,140,250,-1.0
b,141,24,-1.0
b,141,87,-1.0
b,141,238,-1.0
b,141,239,-1.0
b,141,240,-1.0
b,141,241,-1.0
b,141,242,-1.0
b,141,243,-1.0
b,141,244,-1.0
b,142,86,-1.0
b,142,141,-1.0
b,142,202,1.0
b,142,214,1.0
b,142,219,1.0
b,142,224,1.0
b,142,233,1.0
b,142,235,1.0
b,142,237,1.0
b,143,85,-1.0
b,143,195,1.0
b,143,208,1.0
b,143,218,1.0
b,143,223,1.0
b,143,228,1.0
b,143,232,1.0
b,143,234,1.0
b,143,236,1.0
b,144,84,-1.0
b,144,140,-1.0
b,144,207,1.0
b,144,213,1.0
b,144,217,1.0
b,144,227,1.0
b,144,231,1.0
b,144,236,-1.0
b,144,237,-1.0
b,145,83,-1.0
b,145,194,1.0
b,145,201,1.0
b,145,212,1.0
b,145,222,1.0
b,145,226,1.0
b,145,230,1.0
b,145,234,-1.0
b,145,235,-1.0
b,146,139,-1.0
b,146,193,1.0
b,146,200,1.0
b,146,206,1.0
b,146,216,1.0
b,146,221,1.0
b,146,229,1.0
b,146,232,-1.0
b,146,233,-1.0
b,147,138,-1.0
b,147,192,1.0
b,147,199,1.0
b,147,205,1.0
b,147,211,1.0
b,147,225,1.0
b,147,229,-1.0
b,147,230,-1.0
b,147,231,-1.0
b,148,23,-1.0
b,148,137,-1.0
b,148,198,1.0
b,148,215,1.0
b,148,220,1.0
b,148,225,-1.0
b,148,226,-1.0
b,148,227,-1.0
b,148,228,-1.0
b,149,22,-1.0
b,149,136,-1.0
b,149,204,1.0
b,149,210,1.0
b,149,220,-1.0
b,149,221,-1.0
b,149,222,-1.0
b,149,223,-1.0
b,149,224,-1.0
b,150,21,-1.0
b,150,191,1.0
b,150,197,1.0
b,150,209,1.0
b,150,215,-1.0
b,150,216,-1.0
b,150,217,-1.0
b,150,218,-1.0
b,150,219,-1.0
b,151,20,-1.0
b,151,190,1.0
b,151,203,1.0
b,151,209,-1.0
b,151,210,-1.0
b,151,211,-1.0
b,151,212,-1.0
b,151,213,-1.0
b,151,214,-1.0
b,152,19,-1.0
b,152,82,-1.0
b,152,196,1.0
b,152,203,-1.0
b,152,204,-1.0
b,152,205,-1.0
b,152,206,-1.0
b,152,207,-1.0
b,152,208,-1.0
b,153,18,-1.0
b,153,81,-1.0
b,153,196,-1.0
b,153,197,-1.0
b,153,198,-1.0
b,153,199,-1.0
b,153,200,-1.0
b,153,201,-1.0
b,153,202,-1.0
b,154,17,-1.0
b,154,80,-1.0
b,154,135,-1.0
b,154,190,-1.0
b,154,191,-1.0
b,154,192,-1.0
b,154,193,-1.0
b,154,194,-1.0
b,154,195,-1.0
b,155,79,-1.0
b,155,141,1.0
b,155,160,1.0
b,155,166,1.0
b,155,172,1.0
b,155,176,1.0
b,155,185,1.0
b,155,187,1.0
b,155,189,1.0
b,156,78,-1.0
b,156,147,1.0
b,156,154,1.0
b,156,165,1.0
b,156,171,1.0
b,156,180,1.0
b,156,184,1.0
b,156,186,1.0
b,156,188,1.0
b,157,77,-1.0
b,157,140,1.0
b,157,153,1.0
b,157,164,1.0
b,157,175,1.0
b,157,179,1.0
b,157,183,1.0
b,157,188,-1.0
b,157,189,-1.0
b,158,76,-1.0
b,158,146,1.0
b,158,159,1.0
b,158,170,1.0
b,158,174,1.0
b,158,178,1.0
b,158,182,1.0
b,158,186,-1.0
b,158,187,-1.0
b,159,139,1.0
b,159,145,1.0
b,159,152,1.0
b,159,158,1.0
b,159,163,1.0
b,159,169,1.0
b,159,181,1.0
b,159,184,-1.0
b,159,185,-1.0
b,160,138,1.0
b,160,144,1.0
b,160,151,1.0
b,160,157,1.0
b,160,173,1.0
b,160,177,1.0
b,160,181,-1.0
b,160,182,-1.0
b,160,183,-1.0
b,161,16,-1.0
b,161,137,1.0
b,161,156,1.0
b,161,162,1.0
b,161,168,1.0
b,161,177,-1.0
b,161,178,-1.0
b,161,179,-1.0
b,161,180,-1.0
b,162,15,-1.0
b,162,143,1.0
b,162,150,1.0
b,162,161,1.0
b,162,167,1.0
b,162,173,-1.0
b,162,174,-1.0
b,162,175,-1.0
b,162,176,-1.0
b,163,14,-1.0
b,163,136,1.0
b,163,149,1.0
b,163,167,-1.0
b,163,168,-1.0
b,163,169,-1.0
b,163,170,-1.0
b,163,171,-1.0
b,163,172,-1.0
b,164,13,-1.0
b,164,142,1.0
b,164,155,1.0
b,164,161,-1.0
b,164,162,-1.0
b,164,163,-1.0
b,164,164,-1.0
b,164,165,-1.0
b,164,166,-1.0
b,165,12,-1.0
b,165,75,-1.0
b,165,148,1.0
b,165,155,-1.0
b,165,156,-1.0
b,165,157,-1.0
b,165,158,-1.0
b,165,159,-1.0
b,165,160,-1.0
b,166,11,-1.0
b,166,74,-1.0
b,166,148,-1.0
b,166,149,-1.0
b,166,150,-1.0
b,166,151,-1.0
b,166,152,-1.0
b,166,153,-1.0
b,166,154,-1.0
b,167,10,-1.0
b,167,73,-1.0
b,167,135,1.0
b,167,142,-1.0
b,167,143,-1.0
b,167,144,-1.0
b,167,145,-1.0
b,167,146,-1.0
b,167,147,-1.0
b,168,9,-1.0
b,168,72,-1.0
b,168,135,-1.0
b,168,136,-1.0
b,168,137,-1.0
b,168,138,-1.0
b,168,139,-1.0
b,168,140,-1.0
b,168,141,-1.0
b,169,79,1.0
b,169,86,1.0
b,169,105,1.0
b,169,111,1.0
b,169,116,1.0
b,169,121,1.0
b,169,128,1.0
b,169,131,1.0
b,169,134,1.0
b,170,78,1.0
b,170,92,1.0
b,170,99,1.0
b,170,115,1.0
b,170,120,1.0
b,170,125,1.0
b,170,127,1.0
b,170,130,1.0
b,170,133,1.0
b,171,85,1.0
b,171,91,1.0
b,171,98,1.0
b,171,104,1.0
b,171,110,1.0
b,171,124,1.0
b,171,126,1.0
b,171,129,1.0
b,171,132,1.0
b,172,77,1.0
b,172,84,1.0
b,172,97,1.0
b,172,109,1.0
b,172,114,1.0
b,172,123,1.0
b,172,132,-1.0
b,172,133,-1.0
b,172,134,-1.0
b,173,76,1.0
b,173,90,1.0
b,173,103,1.0
b,173,108,1.0
b,173,119,1.0
b,173,122,1.0
b,173,129,-1.0
b,173,130,-1.0
b,173,131,-1.0
b,174,83,1.0
b,174,89,1.0
b,174,96,1.0
b,174,102,1.0
b,174,113,1.0
b,174,118,1.0
b,174,126,-1.0
b,174,127,-1.0
b,174,128,-1.0
b,175,8,-1.0
b,175,82,1.0
b,175,101,1.0
b,175,112,1.0
b,175,117,1.0
b,175,122,-1.0
b,175,123,-1.0
b,175,124,-1.0
b,175,125,-1.0
b,176,7,-1.0
b,176,81,1.0
b,176,95,1.0
b,176,107,1.0
b,176,117,-1.0
b,176,118,-1.0
b,176,119,-1.0
b,176,120,-1.0
b,176,121,-1.0
b,177,6,-1.0
b,177,88,1.0
b,177,100,1.0
b,177,106,1.0
b,177,112,-1.0
b,177,113,-1.0
b,177,114,-1.0
b,177,115,-1.0
b,177,116,-1.0
b,178,5,-1.0
b,178,87,1.0
b,178,94,1.0
b,178,106,-1.0
b,178,107,-1.0
b,178,108,-1.0
b,178,109,-1.0
b,178,110,-1.0
b,178,111,-1.0
b,179,4,-1.0
b,179,75,1.0
b,179,93,1.0
b,179,100,-1.0
b,179,101,-1.0
b,179,102,-1.0
b,179,103,-1.0
b,179,104,-1.0
b,179,105,-1.0
b,180,3,-1.0
b,180,74,1.0
b,180,93,-1.0
b,180,94,-1.0
b,180,95,-1.0
b,180,96,-1.0
b,180,97,-1.0
b,180,98,-1.0
b,180,99,-1.0
b,181,2,-1.0
b,181,73,1.0
b,181,80,1.0
b,181,87,-1.0
b,181,88,-1.0
b,181,89,-1.0
b,181,90,-1.0
b,181,91,-1.0
b,181,92,-1.0
b,182,1,-1.0
b,182,72,1.0
b,182,80,-1.0
b,182,81,-1.0
b,182,82,-1.0
b,182,83,-1.0
b,182,84,-1.0
b,182,85,-1.0
b,182,86,-1.0
b,183,0,-1.0
b,183,72,-1.0
b,183,73,-1.0
b,183,74,-1.0
b,183,75,-1.0
b,183,76,-1.0
b,183,77,-1.0
b,183,78,-1.0
b,183,79,-1.0
b,184,16,1.0
b,184,23,1.0
b,184,42,1.0
b,184,48,1.0
b,184,53,1.0
b,184,58,1.0
b,184,67,1.0
b,184,69,1.0
b,184,71,1.0
b,185,15,1.0
b,185,29,1.0
b,185,36,1.0
b,185,52,1.0
b,185,57,1.0
b,185,62,1.0
b,185,66,1.0
b,185,68,1.0
b,185,70,1.0
b,186,14,1.0
b,186,22,1.0
b,186,35,1.0
b,186,47,1.0
b,186,51,1.0
b,186,61,1.0
b,186,65,1.0
b,186,70,-1.0
b,186,71,-1.0
b,187,13,1.0
b,187,28,1.0
b,187,41,1.0
b,187,46,1.0
b,187,56,1.0
b,187,60,1.0
b,187,64,1.0
b,187,68,-1.0
b,187,69,-1.0
b,188,21,1.0
b,188,27,1.0
b,188,34,1.0
b,188,40,1.0
b,188,50,1.0
b,188,55,1.0
b,188,63,1.0
b,188,66,-1.0
b,188,67,-1.0
b,189,20,1.0
b,189,26,1.0
b,189,33,1.0
b,189,39,1.0
b,189,45,1.0
b,189,59,1.0
b,189,63,-1.0
b,189,64,-1.0
b,189,65,-1.0
b,190,8,1.0
b,190,19,1.0
b,190,38,1.0
b,190,49,1.0
b,190,54,1.0
b,190,59,-1.0
b,190,60,-1.0
b,190,61,-1.0
b,190,62,-1.0
b,191,7,1.0
b,191,18,1.0
b,191,32,1.0
b,191,44,1.0
b,191,54,-1.0
b,191,55,-1.0
b,191,56,-1.0
b,191,57,-1.0
b,191,58,-1.0
b,192,6,1.0
b,192,25,1.0
b,192,37,1.0
b,192,43,1.0
b,192,49,-1.0
b,192,50,-1.0
b,192,51,-1.0
b,192,52,-1.0
b,192,53,-1.0
b,193,5,1.0
b,193,24,1.0
b,193,31,1.0
b,193,43,-1.0
b,193,44,-1.0
b,193,45,-1.0
b,193,46,-1.0
b,193,47,-1.0
b,193,48,-1.0
b,194,4,1.0
b,194,12,1.0
b,194,30,1.0
b,194,37,-1.0
b,194,38,-1.0
b,194,39,-1.0
b,194,40,-1.0
b,194,41,-1.0
b,194,42,-1.0
b,195,3,1.0
b,195,11,1.0
b,195,30,-1.0
b,195,31,-1.0
b,195,32,-1.0
b,195,33,-1.0
b,195,34,-1.0
b,195,35,-1.0
b,195,36,-1.0
b,196,2,1.0
b,196,10,1.0
b,196,17,1.0
b,196,24,-1.0
b,196,25,-1.0
b,196,26,-1.0
b,196,27,-1.0
b,196,28,-1.0
b,196,29,-1.0
b,197,1,1.0
b,197,9,1.0
b,197,17,-1.0
b,197,18,-1.0
b,197,19,-1.0
b,197,20,-1.0
b,197,21,-1.0
b,197,22,-1.0
b,197,23,-1.0
b,198,0,1.0
b,198,9,-1.0
b,198,10,-1.0
b,198,11,-1.0
b,198,12,-1.0
b,198,13,-1.0
b,198,14,-1.0
b,198,15,-1.0
b,198,16,-1.0
b,199,0,-1.0
b,199,1,-1.0
b,199,2,-1.0
b,199,3,-1.0
b,199,4,-1.0
b,199,5,-1.0
b,199,6,-1.0
b,199,7,-1.0
b,199,8,-1.0
